 18 
 28 
 15 
 30 
 12 
 32 
 11 
 32 
 11 
 33 
 10 
 34 
 10 
 36 
 10 
 37 
 9 
 39 
 9 
 41 
 8 
 43 
 8 
 44 
 8 
 44 
 8 
 45 
 8 
 48 
 8 
 56 
 8 
 55 
 8 
 55 
 8 
 56 
 9 
 56 
 9 
 57 
 6 
 58 
 6 
 58 
 6 
 59 
 5 
 59 
 5 
 59 
 5 
 59 
 4 
 59 
 4 
 59 
 4 
 59 
 4 
 59 
 4 
 59 
 4 
 59 
 3 
 59 
 3 
 59 
 2 
 58 
 2 
 58 
 1 
 58 
 0 
 58 
 0 
 58 
 0 
 58 
 0 
 58 
 0 
 58 
 0 
 57 
 0 
 57 
 0 
 57 
 0 
 57 
 0 
 56 
 0 
 55 
 0 
 54 
 1 
 53 
 2 
 52 
 2 
 50 
 3 
 49 
 4 
 48 
 4 
 46 
 5 
 44 
 7 
 41 
 12 
 39 
 27 
 37 
0
0