21
28
28
41
53
58
73
123
140
142
144
148
153
159
170
189
193
229
235
236
241
248
288
292
300
303
318
330
335
337
406
467
474
475
481
491
495
503
540
542
608
610
658
681
690
702
707
742
748
750
754
778
788
792
874
875
899
900
905
911
912
943
958
1009
1012
1012
1017
1018
1052
1054
1071
1131
1146
1150
1181
1200
1264
1278
1282
1331
1338
1340
1355
1364
1381
1386
1416
1454
1457
1515
1528
1539
1543
1550
1560
1587
1588
1594
1608
1615
1620
1626
1626
1637
1643
1650
1655
1655
1670
1679
1723
1735
1752
1758
1763
1769
1774
1832
1836
1840
1842
1869
1881
1885
1908
1908
1924
1926
1941
1954
1993
1999
2011
2028
2082
2088
2088
2095
2111
2112
2125
2144
2154
2161
2168
2187
2206
2220
2223
2237
2258
2303
2306
2324
2327
2330
2363
2368
2376
2421
2445
2481
2483
2505
2510
2513
2529
2589
2598
2599
2600
2607
2609
2623
2625
2625
2634
2661
2668
2669
2670
2678
2695
2699
2741
2742
2785
2800
2862
2865
2943
2963
2971
2995
2995
3035
3039
3065
3093
3093
3102
3134
3169
3181
3195
3221
3251
3264
3276
3297
3309
3333
3335
3340
3343
3359
3393
3396
3430
3434
3447
3449
3455
3487
3497
3503
3517
3523
3527
3545
3548
3557
3561
3565
3580
3584
3602
3625
3652
3656
3676
3684
3728
3737
3753
3788
3805
3822
3829
3831
3855
3878
3902
3925
3959
3964
3989
4015
4031
4041
4071
4084
4084
4098
4099
4141
4144
4169
4182
4186
4213
4287
4313
4313
4319
4324
4360
4381
4414
4415
4449
4460
4472
4474
4536
4565
4575
4596
4611
4623
4639
4664
4667
4675
4678
4680
4681
4686
4693
4693
4734
4745
4747
4757
4769
4802
4806
4827
4833
4860
4872
4882
4886
4919
4940
4944
4954
4966
4975
4978
4987
5000
5002
5006
5021
5021
5030
5049
5055
5071
5075
5097
5108
5109
5131
5177
5204
5249
5303
5340
5402
5436
5447
5454
5535
5537
5538
5545
5556
5565
5565
5589
5601
5602
5602
5629
5651
5651
5662
5686
5699
5705
5706
5716
5725
5750
5764
5786
5829
5841
5844
5874
5912
5938
5945
5967
5973
5994
5997
6021
6038
6064
6072
6077
6085
6149
6172
6191
6193
6202
6224
6234
6249
6270
6287
6321
6334
6359
6365
6410
6411
6422
6439
6450
6467
6473
6477
6477
6479
6483
6486
6493
6511
6538
6540
6540
6541
6559
6582
6602
6608
6617
6618
6652
6654
6698
6704
6705
6705
6729
6734
6748
6766
6813
6816
6868
6900
6902
6922
6923
6962
6972
6995
7038
7042
7075
7085
7128
7129
7152
7164
7172
7185
7200
7208
7213
7229
7231
7240
7262
7267
7278
7285
7296
7328
7355
7372
7375
7376
7391
7441
7448
7462
7479
7487
7491
7492
7514
7516
7518
7534
7572
7585
7586
7591
7604
7605
7616
7619
7627
7636
7679
7711
7720
7721
7727
7740
7768
7783
7815
7833
7864
7882
7900
7905
7926
7949
7950
7958
7958
8023
8055
8075
8106
8116
8146
8153
8166
8177
8184
8194
8213
8217
8247
8256
8260
8281
8313
8360
8360
8365
8380
8387
8394
8405
8419
8480
8483
8486
8492
8519
8526
8546
8551
8563
8610
8616
8638
8670
8681
8683
8714
8723
8738
8752
8753
8759
8762
8779
8805
8823
8826
8838
8850
8880
8896
8909
8922
8925
8928
8932
8942
8976
9010
9010
9040
9058
9072
9091
9135
9152
9156
9161
9166
9168
9198
9220
9232
9248
9252
9253
9257
9261
9277
9313
9314
9318
9320
9357
9374
9464
9487
9487
9496
9501
9503
9508
9512
9514
9515
9523
9535
9561
9567
9573
9576
9601
9646
9658
9676
9714
9741
9758
9762
9781
9789
9789
9815
9832
9853
9860
9876
9894
9905
9916
9930
9961
9961
9970
9981
9990
10004
10008
10021
10040
10067
10075
10080
10112
10116
10168
10176
10178
10195
10202
10208
10268
10285
10291
10293
10322
10353
10380
10383
10396
10422
10440
10466
10508
10548
10555
10573
10585
10635
10647
10697
10712
10753
10761
10797
10808
10861
10866
10893
10904
10910
10938
10940
10986
10987
11001
11008
11020
11023
11027
11056
11058
11064
11072
11075
11124
11159
11173
11191
11192
11192
11197
11224
11243
11247
11258
11293
11323
11333
11337
11342
11367
11369
11376
11408
11420
11422
11455
11462
11477
11478
11511
11521
11538
11585
11599
11600
11635
11643
11647
11662
11672
11701
11759
11777
11784
11785
11807
11833
11837
11840
11874
11903
11942
11969
12022
12042
12043
12044
12052
12053
12074
12074
12076
12079
12097
12105
12158
12164
12181
12193
12244
12249
12259
12263
12268
12287
12290
12292
12316
12317
12382
12392
12393
12420
12423
12433
12455
12455
12481
12503
12508
12529
12549
12550
12570
12578
12611
12623
12637
12654
12673
12677
12717
12722
12723
12734
12750
12759
12760
12818
12835
12843
12859
12890
12896
12924
12931
12933
12935
12938
12941
12949
12993
12998
13007
13022
13030
13031
13037
13061
13064
13093
13142
13161
13169
13186
13210
13232
13234
13261
13262
13289
13290
13290
13330
13337
13357
13392
13401
13428
13444
13452
13458
13476
13487
13489
13490
13509
13525
13549
13559
13578
13579
13584
13597
13608
13648
13653
13694
13712
13713
13716
13722
13826
13829
13851
13865
13877
13882
13931
13966
13971
13977
13985
13985
14007
14008
14015
14018
14140
14146
14161
14181
14196
14197
14199
14218
14256
14270
14295
14309
14310
14333
14343
14364
14369
14387
14413
14423
14460
14474
14485
14486
14507
14600
14604
14606
14625
14629
14640
14688
14697
14700
14708
14721
14723
14736
14771
14776
14788
14790
14798
14801
14844
14867
14868
14887
14893
14902
14902
14924
14932
14945
14955
14962
14989
15005
15006
15022
15075
15084
15117
15141
15145
15147
15185
15199
15205
15255
15262
15264
15279
15281
15350
15370
15431
15457
15460
15469
15495
15498
15529
15565
15573
15574
15589
15615
15629
15665
15677
15678
15724
15748
15759
15790
15791
15813
15814
15821
15834
15869
15871
15881
15890
15944
15947
15969
15987
15993
16036
16074
16080
16085
16097
16100
16105
16118
16139
16142
16202
16215
16216
16225
16279
16282
16303
16336
16337
16343
16367
16398
16413
16423
16439
16446
16512
16519
16541
16549
16565
16584
16590
16595
16626
16634
16641
16671
16683
16687
16697
16741
16827
16828
16858
16878
16893
16925
16941
16944
16948
16955
16962
16972
17006
17035
17040
17086
17095
17103
17110
17124
17168
17189
17192
17206
17222
17223
17253
17282
17296
17371
17398
17410
17421
17421
17432
17437
17451
17465
17469
17482
17505
17537
17546
17549
17578
17604
17612
17641
17650
17659
17673
17692
17713
17713
17773
17780
17807
17825
17827
17832
17841
17861
17864
17870
17902
17906
17913
17922
17945
17958
17964
17968
17982
17984
18007
18035
18060
18087
18110
18114
18115
18127
18132
18136
18166
18190
18230
18238
18240
18271
18283
18318
18330
18337
18352
18373
18392
18397
18434
18443
18455
18467
18503
18529
18538
18540
18584
18588
18598
18610
18634
18636
18643
18651
18651
18661
18662
18678
18696
18700
18703
18716
18756
18762
18762
18786
18787
18805
18805
18819
18823
18846
18864
18875
18882
18896
18935
18958
18965
19008
19019
19037
19072
19090
19095
19097
19105
19135
19156
19169
19187
19199
19264
19281
19314
19353
19357
19369
19375
19396
19405
19413
19426
19435
19447
19489
19490
19497
19557
19558
19569
19589
19629
19668
19677
19690
19695
19711
19718
19737
19771
19779
19790
19793
19796
19801
19810
19812
19815
19851
19854
19855
19866
19882
19885
19895
19897
19912
19923
19926
19932
19949
19954
19964
19976
20024
20037
20040
20053
20055
20072
20078
20083
20135
20136
20142
20159
20169
20175
20183
20193
20215
20222
20259
20267
20278
20289
20315
20326
20328
20355
20363
20415
20416
20418
20424
20426
20448
20450
20472
20474
20482
20485
20489
20493
20528
20537
20556
20580
20594
20600
20601
20608
20615
20626
20640
20649
20652
20663
20666
20671
20675
20710
20710
20718
20783
20798
20799
20807
20825
20851
20855
20888
20899
20913
20945
20968
20972
21003
21015
21025
21028
21047
21078
21080
21080
21098
21113
21119
21132
21136
21153
21188
21196
21221
21221
21286
21293
21313
21318
21323
21363
21388
21411
21416
21425
21430
21457
21459
21487
21497
21520
21538
21543
21545
21548
21562
21577
21578
21617
21624
21630
21634
21659
21694
21718
21724
21724
21726
21763
21781
21787
21794
21881
21892
21895
21945
21948
21962
21963
21974
21979
21991
22012
22015
22018
22044
22104
22106
22142
22171
22190
22214
22225
22233
22276
22279
22290
22296
22336
22355
22361
22363
22386
22409
22413
22428
22431
22466
22483
22501
22525
22532
22549
22549
22578
22593
22593
22619
22640
22646
22648
22658
22663
22668
22701
22704
22725
22741
22750
22758
22798
22813
22830
22848
22850
22867
22885
22888
22912
22913
22925
22929
22955
23015
23073
23146
23152
23154
23165
23183
23186
23195
23196
23199
23216
23224
23243
23245
23245
23271
23281
23318
23335
23342
23392
23400
23439
23445
23481
23487
23552
23556
23588
23589
23622
23646
23650
23655
23692
23694
23717
23729
23754
23757
23775
23779
23805
23811
23826
23831
23840
23844
23847
23850
23851
23856
23869
23936
23941
23955
23971
23977
23986
23990
23992
24021
24028
24033
24041
24050
24081
24084
24114
24129
24155
24179
24182
24199
24208
24221
24227
24229
24230
24237
24245
24272
24307
24326
24350
24353
24355
24365
24370
24372
24389
24390
24393
24408
24423
24429
24455
24464
24472
24474
24474
24484
24484
24488
24512
24515
24520
24555
24567
24596
24604
24626
24648
24676
24710
24722
24750
24766
24767
24773
24774
24778
24779
24791
24808
24855
24865
24901
24937
24946
24948
24961
24962
24970
24998
25011
25043
25058
25072
25087
25128
25162
25184
25200
25205
25249
25264
25269
25269
25313
25345
25347
25391
25411
25423
25452
25472
25484
25508
25542
25547
25547
25547
25561
25605
25608
25620
25627
25629
25667
25678
25680
25697
25705
25721
25734
25759
25760
25770
25783
25824
25824
25828
25874
25898
25928
25951
25990
25996
26018
26021
26031
26048
26052
26058
26063
26113
26122
26129
26153
26154
26173
26222
26253
26264
26268
26281
26292
26299
26302
26303
26308
26362
26363
26418
26423
26428
26431
26434
26439
26443
26463
26477
26488
26489
26500
26504
26517
26534
26576
26578
26630
26633
26653
26667
26679
26737
26740
26777
26806
26809
26816
26821
26835
26841
26857
26869
26890
26909
26924
26946
26948
26949
26962
26969
26979
27007
27008
27032
27065
27067
27080
27088
27109
27124
27152
27157
27171
27196
27200
27216
27338
27348
27350
27358
27368
27372
27384
27415
27432
27432
27446
27465
27489
27506
27529
27531
27577
27593
27594
27595
27606
27611
27624
27644
27649
27663
27666
27681
27726
27753
27753
27756
27813
27830
27870
27892
27918
27936
27938
27967
27982
28009
28019
28022
28027
28070
28074
28082
28112
28118
28135
28145
28149
28162
28164
28182
28223
28252
28253
28255
28274
28286
28289
28296
28297
28315
28315
28318
28321
28323
28350
28396
28423
28433
28442
28458
28464
28470
28476
28486
28489
28503
28510
28520
28522
28532
28570
28583
28614
28617
28633
28650
28652
28664
28666
28680
28685
28689
28692
28703
28704
28712
28745
28761
28768
28791
28801
28869
28888
28962
28978
29011
29022
29033
29082
29087
29105
29130
29141
29151
29152
29168
29170
29174
29174
29200
29213
29221
29253
29264
29271
29288
29292
29292
29301
29309
29314
29331
29334
29337
29350
29352
29358
29361
29421
29426
29445
29447
29458
29486
29492
29510
29541
29556
29560
29565
29577
29614
29617
29621
29643
29657
29658
29704
29733
29734
29763
29790
29812
29815
29855
29859
29869
29873
29891
29901
29916
29929
29954
29956
29972
29975
29996
30003
30032
30038
30080
30093
30106
30109
30114
30145
30180
30188
30189
30191
30195
30212
30221
30227
30238
30271
30300
30303
30333
30422
30470
30523
30524
30527
30556
30568
30648
30674
30693
30695
30714
30771
30774
30807
30814
30833
30836
30838
30877
30900
30910
30932
30971
30974
30974
31001
31003
31020
31056
31060
31063
31068
31101
31107
31111
31111
31115
31163
31172
31185
31196
31202
31226
31240
31244
31276
31286
31310
31311
31316
31322
31329
31339
31348
31351
31361
31418
31426
31450
31461
31493
31497
31531
31540
31556
31561
31577
31591
31601
31627
31647
31673
31754
31758
31762
31783
31810
31812
31818
31907
31920
31923
31928
31934
31947
31981
31982
31998
32029
32060
32075
32168
32170
32179
32182
32196
32209
32209
32226
32257
32270
32356
32372
32391
32404
32439
32498
32525
32528
32544
32584
32588
32591
32604
32607
32609
32611
32637
32662
32671
32678
32685
32702
32707
32718
32726
32745
32756
32757
26
40
42
53
65
71
75
113
119
138
146
175
205
225
250
289
304
348
361
415
424
435
441
462
479
484
489
506
530
530
532
555
565
592
613
617
621
656
666
669
675
684
698
700
704
716
726
821
826
832
833
839
841
846
893
893
906
940
979
985
989
990
1014
1023
1025
1048
1052
1056
1071
1084
1088
1127
1157
1187
1201
1205
1206
1219
1238
1259
1267
1280
1293
1325
1334
1344
1363
1401
1405
1411
1421
1430
1436
1441
1443
1497
1511
1537
1539
1549
1563
1570
1595
1604
1623
1662
1663
1677
1695
1707
1710
1717
1723
1727
1731
1751
1768
1771
1775
1790
1825
1847
1862
1866
1883
1892
1897
1898
1936
1943
1949
1981
1988
1990
2003
2016
2018
2019
2047
2097
2136
2138
2145
2151
2208
2244
2257
2264
2270
2286
2290
2317
2317
2340
2352
2397
2401
2403
2438
2451
2461
2480
2503
2512
2520
2534
2554
2556
2593
2641
2645
2647
2663
2670
2695
2702
2734
2737
2774
2850
2872
2883
2927
2943
2944
2997
3012
3034
3053
3154
3154
3164
3184
3187
3202
3210
3239
3241
3271
3293
3328
3351
3380
3388
3394
3402
3413
3426
3432
3454
3477
3523
3529
3537
3542
3565
3582
3585
3586
3591
3609
3659
3687
3690
3730
3751
3760
3760
3789
3818
3832
3872
3873
3879
3904
3917
3943
3967
3995
4006
4042
4047
4055
4074
4157
4202
4229
4235
4287
4291
4327
4343
4345
4346
4360
4364
4380
4422
4434
4464
4489
4508
4510
4580
4586
4591
4592
4593
4629
4632
4640
4641
4651
4712
4715
4719
4750
4755
4795
4798
4860
4883
4907
4931
4949
4982
4998
5032
5033
5045
5053
5059
5084
5093
5117
5123
5137
5154
5158
5174
5190
5191
5193
5220
5224
5225
5227
5230
5279
5299
5385
5416
5427
5450
5469
5471
5506
5507
5513
5532
5553
5566
5589
5610
5628
5638
5646
5651
5676
5677
5692
5695
5717
5745
5752
5767
5809
5820
5821
5831
5857
5869
5893
5906
5907
5927
5934
5936
5939
5946
5974
6003
6038
6038
6046
6050
6097
6120
6125
6135
6139
6140
6188
6204
6227
6231
6238
6259
6266
6272
6286
6292
6300
6300
6329
6336
6354
6366
6379
6388
6407
6421
6450
6459
6461
6463
6464
6478
6504
6508
6533
6538
6558
6595
6599
6640
6645
6646
6648
6693
6716
6724
6738
6741
6747
6753
6766
6767
6798
6816
6840
6862
6867
6878
6879
6915
6923
6923
6932
6966
7011
7028
7056
7058
7093
7103
7104
7118
7137
7162
7171
7195
7239
7240
7262
7266
7283
7301
7349
7357
7373
7406
7441
7450
7452
7469
7470
7498
7511
7523
7531
7540
7551
7590
7592
7603
7611
7640
7665
7666
7670
7672
7679
7717
7741
7746
7811
7813
7846
7879
7886
7887
7915
7918
7954
7961
7975
7986
7993
8007
8042
8044
8072
8144
8160
8182
8187
8234
8237
8239
8252
8266
8272
8290
8310
8314
8315
8326
8329
8339
8343
8346
8363
8380
8388
8400
8421
8454
8456
8472
8493
8510
8522
8613
8624
8627
8636
8652
8684
8692
8695
8705
8707
8719
8729
8793
8833
8867
8872
8890
8891
8917
8934
8935
8956
8964
8965
8968
8978
8979
8982
8982
8990
8996
9023
9034
9078
9085
9088
9090
9099
9102
9227
9270
9273
9275
9290
9310
9314
9364
9375
9385
9405
9412
9425
9458
9462
9467
9492
9505
9507
9551
9574
9578
9578
9625
9647
9658
9707
9722
9729
9768
9793
9793
9834
9850
9858
9905
9984
10002
10006
10036
10041
10048
10102
10103
10106
10130
10133
10134
10142
10142
10144
10189
10238
10258
10270
10285
10312
10324
10350
10357
10382
10382
10389
10390
10393
10405
10426
10428
10443
10459
10471
10481
10485
10490
10498
10506
10538
10542
10555
10556
10559
10591
10599
10600
10615
10635
10639
10654
10663
10670
10677
10677
10677
10679
10681
10687
10698
10700
10700
10720
10722
10737
10748
10758
10761
10790
10816
10819
10827
10844
10844
10845
10872
10883
10891
10935
10935
10943
10946
10951
10968
10984
10996
10998
11069
11094
11146
11149
11153
11156
11171
11211
11238
11245
11262
11267
11299
11323
11381
11382
11385
11393
11400
11434
11447
11458
11462
11495
11503
11504
11514
11531
11544
11622
11647
11684
11698
11715
11728
11738
11749
11754
11798
11822
11829
11833
11836
11838
11857
11876
11891
11909
11950
11959
11979
11980
12008
12021
12033
12036
12054
12078
12087
12118
12137
12157
12170
12189
12212
12239
12245
12253
12258
12274
12279
12294
12295
12306
12319
12351
12356
12361
12368
12437
12448
12472
12489
12493
12499
12503
12504
12516
12527
12529
12534
12536
12549
12570
12581
12584
12594
12600
12628
12628
12674
12686
12737
12759
12779
12796
12826
12902
12911
12927
12927
12933
12935
12937
12946
12983
12993
13000
13028
13037
13043
13049
13053
13063
13063
13079
13101
13143
13149
13152
13162
13165
13171
13189
13194
13224
13245
13252
13293
13310
13336
13370
13371
13377
13388
13406
13452
13465
13465
13490
13509
13509
13519
13540
13543
13573
13640
13642
13647
13675
13694
13698
13758
13762
13773
13774
13784
13785
13787
13787
13793
13795
13810
13817
13837
13843
13851
13852
13855
13874
13885
13917
13924
13930
13946
13973
13976
13993
13993
13998
14062
14066
14091
14108
14118
14119
14155
14161
14171
14179
14193
14199
14214
14243
14248
14248
14262
14272
14286
14318
14336
14381
14398
14398
14428
14428
14443
14464
14469
14481
14489
14504
14512
14522
14523
14541
14550
14578
14589
14590
14609
14615
14624
14631
14633
14651
14676
14693
14709
14713
14790
14804
14835
14854
14855
14875
14878
14890
14893
14895
14907
14957
14962
14964
14984
15000
15012
15026
15032
15038
15055
15072
15100
15127
15137
15144
15145
15238
15248
15257
15258
15275
15290
15296
15319
15338
15349
15351
15377
15384
15407
15433
15441
15463
15477
15492
15536
15567
15568
15579
15581
15618
15621
15623
15675
15712
15722
15765
15787
15811
15812
15826
15891
15896
15945
15948
15966
16002
16016
16040
16060
16061
16081
16090
16129
16141
16191
16193
16211
16224
16251
16256
16280
16290
16292
16296
16320
16321
16334
16339
16339
16345
16360
16366
16371
16405
16430
16439
16466
16469
16474
16497
16499
16561
16586
16589
16600
16626
16633
16693
16704
16717
16742
16754
16760
16769
16798
16806
16824
16833
16840
16840
16853
16857
16883
16895
16991
17013
17014
17022
17063
17064
17093
17103
17107
17117
17118
17132
17137
17157
17199
17204
17209
17226
17233
17241
17260
17282
17291
17342
17350
17369
17377
17411
17420
17452
17461
17540
17553
17571
17584
17584
17589
17591
17610
17615
17632
17651
17668
17708
17723
17762
17776
17776
17839
17843
17860
17877
17887
17889
17893
17916
17922
17929
17929
17939
17953
17954
17975
17981
17998
18008
18011
18018
18023
18028
18032
18038
18040
18058
18061
18075
18085
18108
18125
18129
18133
18135
18140
18154
18166
18174
18175
18200
18222
18237
18238
18245
18259
18259
18277
18281
18283
18300
18335
18382
18396
18413
18423
18448
18457
18470
18479
18490
18493
18509
18569
18588
18613
18613
18630
18631
18633
18675
18677
18682
18684
18686
18706
18709
18717
18718
18718
18721
18725
18738
18759
18792
18828
18840
18842
18866
18902
18913
18913
18915
18939
18990
18990
19002
19022
19044
19047
19050
19066
19067
19093
19095
19103
19104
19149
19154
19161
19172
19176
19178
19203
19252
19271
19285
19285
19368
19397
19402
19410
19420
19468
19472
19522
19531
19533
19539
19552
19567
19601
19611
19623
19631
19645
19649
19662
19664
19692
19695
19750
19751
19761
19770
19785
19801
19808
19814
19842
19854
19861
19864
19877
19891
19911
19914
19974
19978
19982
19991
20027
20061
20065
20073
20083
20084
20122
20123
20130
20134
20169
20170
20173
20178
20183
20189
20217
20237
20253
20274
20280
20308
20328
20356
20383
20386
20403
20415
20416
20476
20502
20538
20540
20542
20556
20577
20580
20620
20633
20643
20654
20666
20666
20667
20686
20722
20736
20769
20778
20785
20829
20830
20851
20877
20889
20967
20997
21001
21005
21006
21016
21051
21060
21083
21085
21086
21098
21100
21109
21138
21143
21184
21184
21219
21229
21244
21265
21267
21284
21292
21295
21321
21337
21346
21358
21376
21396
21409
21411
21419
21447
21476
21476
21478
21479
21501
21528
21547
21555
21575
21595
21604
21617
21641
21683
21693
21705
21710
21759
21766
21768
21817
21840
21856
21860
21862
21867
21901
21909
21911
21926
21954
21968
21979
22005
22037
22045
22056
22086
22129
22161
22162
22187
22194
22197
22197
22241
22284
22307
22312
22348
22421
22471
22482
22494
22511
22530
22566
22570
22586
22597
22630
22632
22659
22667
22675
22678
22688
22716
22740
22777
22795
22795
22816
22850
22860
22861
22885
22892
22897
22908
22912
22951
22974
22974
23000
23024
23041
23043
23061
23072
23088
23101
23105
23105
23112
23115
23116
23152
23158
23168
23188
23194
23231
23234
23256
23258
23277
23283
23292
23332
23388
23390
23407
23448
23455
23483
23492
23501
23525
23569
23623
23639
23661
23683
23684
23699
23700
23743
23775
23817
23838
23865
23888
23893
23901
23917
23941
23967
23987
23994
24007
24007
24008
24016
24028
24065
24069
24099
24115
24117
24118
24122
24125
24146
24160
24176
24209
24216
24241
24254
24271
24272
24277
24290
24312
24314
24320
24346
24353
24395
24399
24450
24459
24464
24473
24514
24541
24547
24557
24588
24593
24593
24599
24618
24637
24642
24643
24668
24671
24684
24696
24696
24705
24743
24773
24816
24828
24828
24828
24834
24917
24919
24925
24942
24958
24979
24979
25012
25013
25020
25023
25027
25052
25079
25089
25095
25107
25128
25134
25141
25149
25167
25190
25191
25197
25215
25236
25253
25264
25293
25296
25302
25314
25318
25328
25329
25333
25367
25385
25386
25395
25402
25403
25428
25429
25436
25449
25452
25476
25502
25524
25563
25584
25598
25619
25624
25631
25668
25679
25710
25739
25776
25790
25791
25808
25813
25822
25834
25836
25841
25846
25858
25880
25897
25903
25917
25967
25981
26034
26053
26067
26068
26115
26124
26134
26160
26177
26200
26203
26206
26248
26260
26260
26321
26333
26358
26363
26364
26385
26412
26424
26444
26484
26528
26555
26569
26584
26610
26610
26611
26615
26624
26632
26641
26685
26705
26727
26758
26781
26787
26790
26792
26798
26803
26804
26807
26811
26814
26814
26819
26847
26865
26867
26880
26886
26897
26900
26919
26919
26925
26943
26946
26947
26984
27005
27037
27038
27038
27043
27085
27089
27091
27098
27123
27182
27189
27224
27251
27252
27256
27273
27283
27296
27296
27297
27311
27330
27352
27393
27441
27478
27504
27505
27530
27553
27577
27577
27587
27616
27621
27633
27649
27651
27669
27671
27692
27700
27705
27714
27732
27734
27754
27759
27760
27792
27799
27809
27834
27837
27841
27844
27892
27896
27909
27918
27936
27956
27988
27999
28023
28029
28042
28047
28049
28053
28074
28074
28082
28094
28102
28119
28128
28148
28180
28211
28213
28223
28233
28240
28245
28246
28262
28290
28290
28299
28313
28317
28318
28325
28356
28368
28382
28392
28400
28402
28410
28411
28440
28469
28487
28488
28498
28504
28505
28522
28569
28580
28583
28596
28607
28621
28630
28641
28642
28681
28703
28733
28747
28765
28773
28782
28786
28804
28822
28834
28854
28856
28862
28870
28878
28888
28892
28942
28956
28963
28970
28995
29001
29007
29011
29065
29074
29091
29126
29130
29153
29171
29182
29218
29236
29250
29256
29271
29334
29361
29383
29400
29421
29448
29465
29478
29515
29527
29554
29556
29561
29608
29613
29617
29669
29681
29731
29744
29756
29761
29768
29777
29789
29795
29832
29833
29849
29855
29857
29866
29869
29876
29897
29909
29910
29942
29947
29962
29977
29986
29993
30037
30041
30048
30066
30104
30137
30175
30211
30227
30231
30259
30308
30323
30335
30338
30345
30350
30397
30412
30424
30432
30435
30466
30470
30502
30548
30581
30591
30614
30624
30643
30664
30712
30731
30742
30775
30783
30792
30792
30806
30811
30833
30836
30858
30862
30875
30885
30906
30931
30946
30947
30953
30971
31000
31004
31015
31034
31036
31065
31071
31088
31122
31151
31155
31203
31245
31250
31260
31269
31302
31310
31313
31357
31376
31426
31441
31453
31461
31476
31490
31495
31502
31505
31522
31547
31550
31552
31597
31620
31635
31641
31641
31687
31690
31708
31717
31744
31805
31864
31896
31901
31913
31918
31920
31993
32018
32046
32053
32072
32074
32080
32094
32106
32119
32125
32145
32145
32179
32195
32200
32203
32240
32255
32261
32271
32301
32331
32389
32425
32444
32468
32469
32471
32488
32499
32503
32506
32557
32570
32612
32618
32621
32621
32627
32629
32651
32652
32657
32668
32676
32677
32683
32686
32701
32703
32715
32719
32729
32736
32764
32765
8
20
31
35
39
67
83
101
121
137
139
142
153
201
259
259
269
369
377
397
403
403
423
429
452
456
471
485
502
521
522
527
553
568
573
579
581
628
650
655
658
661
679
692
731
734
744
751
773
786
788
845
868
917
922
930
935
952
1028
1041
1052
1064
1085
1105
1135
1135
1226
1229
1265
1268
1271
1278
1320
1348
1360
1411
1445
1458
1466
1472
1479
1495
1527
1528
1538
1563
1570
1575
1588
1654
1661
1675
1683
1692
1697
1699
1711
1721
1725
1792
1807
1810
1813
1827
1828
1852
1890
1899
1912
1915
1927
1932
1954
1969
1984
2039
2043
2061
2064
2085
2088
2140
2150
2173
2178
2183
2186
2222
2232
2257
2282
2295
2307
2322
2334
2343
2357
2364
2370
2382
2403
2406
2426
2432
2435
2452
2469
2489
2514
2530
2538
2565
2572
2649
2650
2695
2700
2702
2718
2732
2732
2737
2782
2792
2792
2814
2815
2815
2823
2829
2829
2851
2880
2884
2885
2923
2942
2946
2980
2990
3005
3059
3079
3080
3110
3114
3123
3128
3145
3148
3161
3179
3198
3205
3220
3223
3232
3240
3281
3281
3282
3318
3332
3338
3360
3362
3370
3379
3400
3445
3445
3454
3480
3495
3505
3554
3554
3558
3566
3573
3576
3586
3592
3592
3596
3603
3617
3637
3640
3644
3651
3695
3716
3766
3815
3850
3885
3902
3915
3916
3925
3954
3969
3987
4010
4059
4090
4099
4101
4120
4141
4179
4189
4198
4202
4205
4208
4208
4231
4248
4278
4429
4468
4493
4496
4546
4566
4580
4583
4591
4599
4640
4667
4698
4718
4718
4720
4749
4750
4750
4770
4809
4836
4841
4852
4854
4858
4872
4879
4912
4953
4961
4977
4983
4985
4999
5015
5028
5032
5033
5038
5041
5058
5084
5086
5089
5105
5136
5152
5158
5161
5169
5202
5226
5233
5234
5242
5253
5259
5268
5284
5293
5312
5319
5389
5396
5398
5416
5436
5470
5488
5517
5519
5536
5541
5584
5646
5694
5715
5722
5722
5732
5769
5771
5775
5783
5792
5793
5794
5794
5808
5842
5850
5857
5865
5872
5874
5881
5915
5920
5939
5943
5945
5950
5970
5985
5987
5991
5994
6008
6030
6048
6064
6125
6126
6146
6153
6161
6170
6190
6209
6209
6231
6241
6272
6340
6341
6344
6358
6366
6369
6382
6421
6424
6427
6430
6490
6491
6508
6549
6557
6562
6572
6575
6576
6611
6612
6621
6631
6636
6637
6651
6667
6688
6702
6731
6762
6763
6784
6811
6823
6824
6831
6844
6850
6851
6860
6881
6890
6890
6928
6955
7004
7016
7043
7043
7048
7049
7054
7121
7131
7158
7178
7210
7221
7245
7271
7285
7288
7298
7299
7300
7301
7321
7328
7358
7372
7389
7419
7432
7446
7481
7492
7523
7528
7534
7545
7547
7549
7578
7582
7604
7619
7639
7688
7768
7793
7809
7863
7912
7952
7953
7966
7970
7976
7997
8010
8029
8060
8061
8090
8100
8120
8124
8148
8172
8174
8186
8194
8211
8217
8243
8245
8246
8250
8252
8256
8257
8275
8313
8324
8351
8357
8381
8383
8399
8411
8421
8431
8437
8477
8490
8491
8496
8503
8514
8545
8582
8596
8606
8644
8658
8672
8686
8706
8720
8724
8752
8768
8785
8828
8871
8884
8901
8938
8971
8983
8991
9009
9023
9072
9074
9077
9079
9081
9094
9107
9190
9193
9223
9251
9260
9265
9282
9298
9299
9370
9387
9388
9389
9401
9421
9429
9449
9466
9499
9503
9515
9546
9594
9616
9694
9695
9734
9766
9782
9783
9814
9818
9843
9846
9868
9923
9934
9951
9958
9988
10030
10035
10048
10057
10075
10083
10089
10103
10139
10146
10167
10171
10193
10199
10202
10252
10273
10313
10350
10365
10378
10415
10425
10466
10468
10482
10532
10540
10557
10558
10606
10652
10666
10668
10684
10688
10765
10777
10809
10823
10824
10842
10867
10886
10915
10929
10945
10955
10961
10966
10976
10991
10999
11026
11044
11047
11049
11056
11073
11080
11096
11105
11110
11128
11134
11149
11156
11158
11221
11223
11299
11300
11320
11324
11395
11417
11435
11472
11483
11486
11502
11520
11554
11558
11567
11592
11593
11620
11681
11714
11736
11755
11763
11771
11788
11825
11827
11830
11849
11886
11888
11896
11906
11957
11960
11977
11983
12003
12060
12073
12081
12082
12083
12121
12126
12129
12136
12147
12158
12180
12187
12193
12200
12205
12254
12274
12276
12280
12280
12289
12312
12322
12344
12353
12358
12365
12376
12425
12438
12460
12488
12488
12517
12525
12531
12537
12589
12618
12626
12634
12670
12675
12693
12695
12714
12722
12725
12729
12729
12735
12746
12755
12779
12833
12844
12891
12907
12920
12936
13009
13020
13037
13120
13132
13142
13143
13145
13163
13175
13178
13179
13192
13201
13207
13208
13232
13239
13240
13245
13245
13245
13261
13285
13316
13316
13335
13338
13341
13357
13361
13367
13438
13444
13452
13467
13472
13472
13475
13485
13502
13549
13590
13623
13629
13632
13758
13759
13776
13799
13803
13818
13830
13870
13877
13888
13896
13910
13929
13940
13963
13976
13997
14000
14016
14023
14024
14026
14047
14058
14062
14077
14078
14081
14095
14122
14144
14145
14153
14186
14196
14231
14246
14255
14329
14331
14341
14363
14376
14377
14386
14437
14439
14439
14449
14462
14463
14518
14520
14523
14526
14536
14552
14615
14648
14659
14663
14702
14726
14752
14753
14767
14771
14812
14819
14820
14820
14825
14852
14883
14889
14899
14932
14935
14943
14948
14990
15004
15009
15012
15013
15020
15023
15024
15137
15149
15169
15175
15183
15189
15238
15253
15255
15257
15264
15271
15282
15290
15333
15347
15369
15374
15376
15415
15444
15447
15447
15454
15503
15505
15535
15561
15590
15597
15606
15610
15625
15638
15665
15689
15713
15718
15733
15741
15745
15749
15756
15758
15760
15791
15793
15800
15822
15827
15835
15842
15851
15862
15864
15865
15907
15923
15928
15941
15955
16028
16038
16051
16070
16071
16085
16088
16096
16100
16114
16116
16117
16125
16128
16139
16158
16208
16226
16257
16259
16278
16282
16344
16406
16436
16448
16453
16461
16463
16464
16467
16467
16467
16500
16519
16565
16575
16594
16616
16641
16649
16653
16657
16678
16701
16715
16731
16735
16748
16807
16811
16835
16843
16859
16909
16922
16937
16938
16952
16966
16983
16984
17004
17004
17073
17096
17107
17135
17157
17177
17182
17187
17205
17207
17236
17253
17271
17295
17312
17322
17349
17362
17366
17405
17408
17438
17438
17442
17457
17464
17480
17508
17518
17519
17524
17525
17547
17552
17569
17586
17590
17598
17611
17623
17624
17644
17653
17659
17683
17683
17686
17699
17728
17731
17757
17774
17775
17777
17780
17855
17858
17859
17879
17888
17898
17906
17911
17933
17945
17945
17975
18012
18026
18064
18086
18102
18104
18147
18170
18213
18217
18227
18230
18255
18258
18268
18298
18319
18333
18345
18352
18361
18364
18366
18367
18389
18440
18456
18456
18494
18516
18525
18536
18551
18584
18585
18616
18629
18631
18666
18683
18715
18720
18759
18760
18775
18775
18795
18829
18833
18838
18848
18849
18884
18895
18899
18908
18938
18938
18944
19026
19029
19035
19072
19074
19080
19094
19109
19124
19140
19160
19184
19195
19198
19212
19217
19251
19269
19278
19298
19312
19337
19359
19381
19406
19424
19438
19443
19463
19473
19485
19491
19511
19512
19537
19551
19552
19555
19593
19601
19606
19618
19654
19659
19662
19670
19670
19679
19679
19682
19685
19714
19718
19724
19728
19735
19736
19752
19773
19801
19821
19904
19917
19919
19948
19969
19975
19979
19984
19989
19997
20003
20016
20031
20067
20070
20072
20084
20101
20106
20113
20124
20128
20135
20149
20170
20183
20189
20216
20228
20229
20238
20259
20272
20279
20284
20307
20311
20323
20333
20335
20337
20340
20342
20353
20373
20373
20381
20394
20420
20454
20476
20481
20514
20523
20537
20595
20609
20641
20645
20648
20664
20666
20695
20703
20727
20735
20736
20741
20747
20784
20799
20840
20877
20900
20920
20949
20967
20979
20987
20990
21011
21027
21033
21054
21074
21090
21108
21154
21156
21164
21174
21228
21228
21256
21260
21263
21267
21271
21276
21300
21301
21302
21350
21364
21374
21389
21419
21424
21457
21465
21465
21474
21479
21480
21486
21493
21505
21511
21531
21535
21547
21561
21576
21590
21599
21658
21665
21691
21702
21706
21717
21735
21754
21778
21788
21793
21839
21846
21858
21871
21873
21875
21907
21920
21945
21970
21982
21984
21987
22015
22024
22033
22070
22133
22139
22148
22151
22166
22167
22186
22195
22195
22199
22233
22237
22249
22290
22294
22301
22313
22336
22338
22342
22353
22399
22405
22492
22496
22512
22514
22567
22574
22590
22599
22602
22604
22619
22638
22642
22662
22708
22762
22769
22794
22815
22828
22832
22832
22844
22851
22858
22869
22902
22910
22957
22972
22972
22988
22990
22999
23016
23017
23035
23061
23071
23092
23144
23147
23162
23175
23179
23201
23202
23210
23267
23296
23305
23326
23327
23370
23387
23391
23396
23399
23409
23412
23425
23458
23461
23495
23504
23532
23542
23572
23577
23592
23656
23669
23673
23675
23681
23724
23753
23757
23762
23774
23791
23826
23848
23849
23855
23859
23930
23934
23947
23953
23954
23960
23961
23978
23990
24019
24023
24056
24061
24075
24082
24083
24087
24105
24120
24124
24147
24168
24169
24171
24192
24196
24196
24214
24223
24258
24287
24300
24308
24348
24382
24387
24390
24399
24404
24407
24435
24441
24524
24526
24537
24546
24565
24565
24591
24616
24618
24620
24638
24652
24701
24727
24736
24745
24769
24798
24815
24833
24837
24844
24848
24870
24898
24955
24956
24959
24981
24986
24988
24992
24999
25032
25050
25094
25128
25167
25188
25199
25230
25254
25269
25304
25306
25311
25316
25331
25342
25343
25352
25412
25412
25419
25422
25442
25456
25516
25518
25519
25529
25547
25565
25575
25587
25603
25616
25631
25633
25636
25645
25656
25656
25674
25686
25690
25705
25706
25709
25713
25722
25726
25739
25756
25760
25774
25790
25807
25812
25816
25836
25851
25867
25893
25923
25924
25960
25970
25988
26017
26023
26040
26053
26072
26074
26099
26101
26107
26114
26126
26133
26141
26152
26162
26182
26197
26199
26224
26250
26255
26260
26271
26291
26312
26343
26350
26385
26386
26393
26395
26419
26429
26429
26439
26467
26518
26525
26539
26542
26588
26623
26658
26658
26701
26720
26721
26742
26746
26754
26758
26781
26792
26793
26841
26850
26859
26872
26896
26928
26958
26982
27006
27027
27037
27053
27065
27077
27085
27085
27119
27137
27149
27151
27165
27168
27195
27212
27219
27222
27225
27261
27264
27272
27277
27285
27318
27362
27370
27371
27376
27395
27416
27437
27440
27442
27445
27479
27479
27550
27579
27580
27587
27587
27590
27602
27607
27617
27625
27626
27632
27667
27684
27689
27740
27743
27769
27770
27782
27795
27804
27818
27824
27842
27873
27892
27964
27972
28021
28026
28048
28050
28052
28054
28066
28074
28099
28103
28130
28134
28134
28137
28168
28197
28221
28224
28237
28275
28287
28295
28343
28343
28350
28366
28392
28406
28422
28428
28432
28499
28564
28592
28592
28599
28608
28622
28638
28639
28672
28710
28717
28717
28731
28735
28745
28752
28781
28793
28819
28838
28900
28945
28960
28965
28981
28983
29018
29045
29052
29053
29081
29102
29145
29146
29156
29173
29193
29204
29213
29235
29235
29240
29249
29260
29285
29309
29313
29348
29356
29372
29384
29427
29444
29472
29482
29494
29503
29511
29556
29562
29591
29648
29655
29656
29668
29674
29676
29681
29686
29703
29726
29743
29749
29768
29788
29846
29854
29881
29905
29915
29926
29935
29942
29959
29979
30000
30014
30049
30057
30062
30076
30079
30096
30103
30119
30121
30129
30132
30134
30144
30160
30169
30180
30185
30219
30245
30260
30265
30270
30270
30283
30285
30301
30336
30369
30388
30393
30406
30432
30487
30499
30503
30510
30511
30519
30522
30528
30538
30542
30554
30571
30574
30580
30582
30623
30630
30654
30665
30721
30732
30759
30786
30787
30794
30816
30837
30843
30856
30867
30870
30876
30883
30884
30884
30916
30935
30935
30943
30954
30977
31033
31066
31077
31098
31099
31102
31148
31149
31155
31159
31165
31175
31180
31210
31230
31256
31270
31274
31274
31283
31314
31347
31371
31395
31413
31417
31447
31463
31467
31478
31496
31499
31504
31506
31520
31539
31539
31565
31579
31585
31593
31597
31620
31622
31623
31626
31654
31655
31657
31665
31668
31676
31723
31741
31744
31754
31768
31782
31785
31794
31826
31870
31884
31958
31987
31988
31999
32000
32019
32020
32036
32046
32048
32050
32057
32091
32097
32128
32143
32169
32174
32176
32177
32182
32190
32212
32235
32313
32361
32364
32371
32389
32405
32471
32482
32485
32501
32514
32517
32521
32530
32589
32628
32629
32647
32655
32666
32692
32702
32702
32705
32707
32759
3
4
9
12
24
58
70
85
88
99
129
132
139
146
168
189
205
216
245
253
304
333
351
362
378
391
398
421
437
440
444
468
485
488
528
563
594
598
603
606
606
608
617
630
653
684
691
692
693
693
695
709
759
763
767
768
768
773
778
813
839
846
850
898
943
979
1005
1008
1124
1131
1154
1162
1221
1227
1244
1257
1281
1339
1364
1364
1366
1382
1390
1408
1448
1476
1482
1494
1503
1516
1523
1534
1552
1565
1610
1620
1627
1670
1683
1699
1701
1730
1731
1737
1741
1770
1776
1799
1814
1818
1818
1848
1849
1851
1881
1887
1903
1905
1920
1935
1951
1967
1970
1991
1991
1997
2021
2073
2093
2094
2125
2125
2137
2139
2192
2211
2224
2242
2263
2269
2280
2344
2410
2425
2429
2444
2461
2466
2486
2497
2508
2510
2516
2534
2545
2549
2574
2622
2625
2651
2658
2662
2670
2718
2751
2786
2794
2796
2815
2819
2845
2858
2883
2900
2910
2914
2922
2964
2989
3005
3022
3029
3055
3061
3063
3068
3078
3080
3083
3084
3171
3187
3192
3196
3200
3212
3215
3217
3217
3220
3227
3244
3248
3256
3278
3292
3323
3336
3338
3339
3340
3348
3388
3425
3429
3477
3525
3547
3569
3611
3637
3650
3666
3670
3671
3671
3737
3742
3777
3780
3799
3815
3830
3834
3839
3845
3849
3856
3912
3914
3919
3930
3936
3946
3968
4009
4015
4020
4075
4088
4167
4172
4193
4218
4253
4255
4265
4287
4299
4301
4305
4333
4346
4361
4362
4371
4404
4410
4416
4452
4458
4485
4486
4514
4515
4521
4524
4546
4549
4562
4604
4605
4617
4638
4638
4654
4690
4711
4721
4728
4733
4738
4756
4757
4816
4821
4827
4867
4868
4898
4928
4940
4941
4948
4951
4958
4966
4969
4970
4985
5022
5030
5044
5081
5175
5230
5241
5251
5281
5289
5300
5344
5352
5371
5384
5388
5398
5408
5417
5418
5423
5433
5446
5450
5456
5472
5485
5491
5494
5520
5525
5532
5537
5540
5547
5555
5558
5560
5584
5603
5606
5635
5668
5675
5712
5714
5728
5754
5758
5760
5765
5778
5783
5797
5821
5844
5845
5848
5854
5859
5876
5937
5984
5987
6003
6006
6025
6070
6089
6100
6102
6118
6122
6129
6141
6149
6157
6167
6204
6204
6206
6219
6266
6305
6327
6332
6336
6345
6413
6422
6426
6430
6431
6441
6446
6460
6500
6502
6502
6513
6533
6550
6561
6582
6586
6586
6586
6602
6615
6635
6667
6676
6708
6723
6731
6766
6767
6782
6826
6833
6834
6846
6849
6860
6872
6875
6885
6896
6915
6923
6925
6932
6964
7007
7030
7055
7091
7099
7148
7161
7178
7193
7205
7234
7237
7239
7251
7406
7406
7435
7438
7448
7468
7473
7475
7483
7507
7538
7544
7580
7629
7646
7658
7665
7668
7682
7688
7701
7718
7719
7727
7728
7730
7737
7738
7757
7761
7774
7785
7790
7804
7811
7849
7857
7886
7898
7901
7975
7981
8001
8034
8045
8046
8079
8080
8081
8092
8117
8125
8125
8159
8168
8171
8188
8202
8266
8283
8324
8324
8327
8339
8352
8361
8378
8383
8396
8414
8437
8505
8507
8514
8526
8529
8535
8552
8553
8591
8595
8631
8695
8700
8703
8709
8716
8722
8732
8738
8741
8756
8764
8803
8804
8827
8831
8835
8835
8852
8853
8885
8907
8919
8922
8930
8930
8937
8941
8962
8987
9006
9050
9053
9076
9086
9118
9125
9129
9133
9159
9180
9197
9204
9228
9266
9301
9321
9324
9328
9354
9359
9407
9425
9451
9488
9524
9527
9531
9535
9555
9566
9583
9601
9624
9662
9693
9695
9699
9730
9754
9770
9774
9790
9803
9827
9847
9847
9850
9858
9858
9868
9921
9941
9963
9964
9983
10000
10016
10032
10039
10047
10106
10141
10143
10155
10165
10184
10184
10198
10202
10204
10224
10234
10282
10287
10287
10293
10309
10309
10319
10342
10344
10377
10396
10411
10419
10430
10468
10485
10489
10504
10518
10539
10574
10597
10597
10600
10607
10630
10637
10640
10642
10657
10678
10680
10713
10724
10733
10745
10746
10747
10773
10794
10797
10798
10805
10806
10807
10832
10843
10849
10869
10882
10883
10904
10906
10909
10923
10951
10970
10974
11001
11007
11011
11014
11051
11091
11099
11127
11176
11183
11211
11221
11237
11261
11271
11319
11367
11383
11410
11427
11430
11431
11452
11453
11455
11471
11473
11493
11508
11521
11560
11560
11568
11569
11570
11574
11576
11597
11630
11638
11650
11652
11670
11707
11781
11787
11812
11845
11859
11860
11872
11874
11875
11888
11918
11957
11986
11989
11999
12012
12018
12019
12027
12048
12066
12082
12100
12135
12151
12155
12229
12238
12251
12275
12293
12295
12296
12300
12324
12341
12344
12355
12406
12425
12432
12452
12464
12500
12515
12537
12541
12546
12547
12561
12567
12572
12606
12619
12629
12644
12698
12704
12706
12709
12733
12782
12800
12808
12809
12817
12837
12840
12864
12878
12882
12888
12889
12930
12978
13004
13063
13076
13124
13137
13139
13145
13156
13163
13196
13209
13226
13250
13253
13257
13269
13290
13296
13303
13310
13345
13362
13384
13403
13407
13419
13441
13454
13500
13518
13531
13584
13592
13604
13612
13613
13635
13659
13675
13682
13697
13716
13730
13739
13746
13749
13763
13784
13912
13950
13959
13971
13991
14015
14022
14035
14063
14066
14080
14086
14141
14164
14177
14185
14241
14274
14334
14345
14360
14399
14409
14413
14419
14422
14442
14458
14471
14508
14535
14537
14545
14557
14560
14568
14581
14611
14613
14638
14640
14642
14643
14662
14670
14684
14694
14709
14722
14726
14730
14737
14754
14780
14815
14824
14838
14938
14960
14988
14992
14996
15026
15037
15061
15062
15063
15082
15089
15090
15098
15121
15132
15137
15140
15165
15171
15174
15183
15190
15199
15221
15246
15273
15290
15292
15343
15346
15370
15370
15404
15406
15411
15414
15416
15452
15596
15601
15620
15632
15639
15648
15653
15674
15676
15726
15729
15729
15760
15781
15788
15802
15802
15818
15833
15846
15847
15851
15863
15874
15885
15905
15927
15940
15941
15948
15966
15967
15980
16030
16052
16065
16099
16115
16145
16163
16217
16218
16235
16237
16238
16257
16274
16281
16317
16327
16331
16333
16338
16349
16396
16434
16498
16534
16544
16549
16552
16576
16583
16589
16591
16612
16624
16647
16666
16677
16710
16713
16714
16727
16727
16782
16794
16808
16825
16866
16868
16873
16876
16911
16923
16924
16933
16972
16977
16990
16999
17011
17015
17016
17054
17056
17065
17076
17103
17125
17135
17148
17206
17213
17222
17227
17233
17244
17245
17262
17264
17267
17269
17327
17368
17399
17427
17430
17436
17438
17441
17457
17519
17520
17525
17530
17541
17552
17554
17557
17569
17583
17585
17622
17633
17718
17720
17723
17728
17730
17746
17752
17830
17831
17882
17895
17901
17901
17923
17950
17953
17973
17974
18036
18061
18064
18074
18121
18170
18182
18190
18250
18275
18294
18296
18334
18341
18370
18386
18418
18442
18444
18461
18477
18497
18519
18534
18554
18561
18563
18593
18604
18618
18621
18625
18655
18664
18677
18697
18724
18762
18805
18810
18815
18827
18981
19039
19039
19046
19056
19096
19097
19131
19140
19141
19149
19154
19175
19205
19206
19215
19221
19232
19254
19280
19290
19297
19323
19351
19362
19373
19412
19413
19445
19448
19451
19455
19459
19466
19467
19481
19490
19570
19582
19587
19606
19634
19635
19647
19659
19683
19688
19695
19696
19714
19724
19748
19764
19769
19782
19785
19787
19792
19814
19898
19900
19923
19947
19951
19952
19958
19973
19981
19984
20012
20043
20050
20050
20066
20093
20132
20183
20194
20199
20236
20267
20268
20297
20311
20320
20333
20366
20381
20391
20392
20416
20421
20432
20433
20448
20449
20463
20474
20488
20509
20523
20526
20531
20547
20552
20561
20570
20576
20577
20583
20609
20620
20643
20643
20648
20700
20727
20731
20760
20770
20781
20799
20800
20801
20803
20805
20834
20838
20842
20893
20903
20912
20920
20939
20943
20944
20955
20989
21002
21025
21026
21028
21033
21047
21052
21070
21072
21080
21082
21082
21098
21100
21109
21111
21113
21119
21129
21135
21157
21168
21197
21228
21229
21234
21238
21293
21298
21313
21341
21345
21351
21358
21382
21413
21416
21430
21433
21433
21439
21448
21462
21479
21517
21518
21564
21567
21580
21614
21622
21632
21649
21653
21671
21685
21713
21726
21727
21735
21738
21753
21762
21797
21805
21823
21841
21845
21880
21881
21884
21885
21894
21906
21930
21935
21960
21980
21984
22002
22015
22050
22052
22090
22105
22133
22159
22167
22174
22178
22211
22216
22229
22255
22270
22278
22298
22316
22322
22334
22345
22371
22411
22414
22424
22425
22426
22443
22443
22444
22488
22490
22492
22509
22539
22550
22593
22620
22622
22638
22675
22710
22715
22716
22720
22729
22749
22823
22837
22839
22893
22917
23058
23061
23076
23082
23085
23117
23155
23192
23207
23209
23212
23213
23239
23248
23251
23262
23263
23277
23279
23289
23290
23290
23298
23322
23340
23355
23365
23377
23380
23454
23486
23488
23511
23529
23533
23535
23566
23586
23592
23624
23627
23635
23668
23705
23713
23714
23718
23725
23742
23754
23773
23791
23821
23833
23837
23865
23873
23876
23922
23931
23946
23966
23987
23988
23993
24013
24014
24023
24037
24041
24052
24061
24072
24083
24090
24149
24161
24169
24191
24195
24232
24234
24243
24247
24290
24296
24336
24351
24370
24380
24387
24393
24401
24403
24405
24417
24420
24439
24477
24485
24487
24499
24521
24540
24560
24572
24592
24597
24612
24620
24688
24696
24705
24729
24740
24796
24800
24828
24837
24847
24853
24919
24949
24956
24968
24972
24978
24987
24988
25005
25042
25061
25065
25078
25104
25111
25135
25162
25191
25219
25233
25283
25286
25290
25315
25316
25316
25318
25321
25358
25358
25369
25387
25391
25434
25455
25465
25530
25532
25560
25561
25566
25573
25589
25589
25594
25599
25606
25610
25615
25673
25679
25750
25785
25791
25812
25828
25836
25838
25852
25896
25936
25956
25974
26009
26020
26031
26032
26059
26099
26099
26103
26112
26119
26126
26141
26176
26194
26201
26222
26226
26231
26320
26346
26359
26392
26394
26425
26459
26468
26489
26509
26549
26565
26573
26587
26605
26632
26634
26637
26645
26664
26673
26700
26781
26784
26806
26824
26830
26843
26862
26866
26874
26897
26905
26913
26914
26921
26927
26966
26979
26980
26984
26994
26999
27045
27048
27064
27073
27079
27098
27109
27110
27116
27124
27161
27254
27263
27294
27302
27321
27327
27366
27395
27396
27401
27422
27427
27443
27444
27446
27450
27451
27500
27502
27512
27518
27523
27532
27536
27541
27559
27560
27576
27578
27596
27609
27610
27649
27656
27660
27666
27703
27711
27719
27745
27791
27799
27825
27831
27843
27876
27879
27901
27944
27953
27982
27996
28015
28041
28044
28051
28084
28091
28099
28102
28166
28208
28213
28221
28223
28230
28235
28251
28262
28264
28264
28277
28286
28297
28301
28304
28348
28364
28391
28393
28441
28463
28465
28527
28532
28536
28537
28540
28541
28577
28592
28599
28603
28603
28611
28621
28627
28646
28649
28655
28664
28703
28752
28761
28791
28798
28815
28818
28825
28827
28841
28849
28901
28908
28947
28965
28969
29023
29029
29059
29071
29073
29115
29132
29221
29229
29235
29247
29276
29284
29299
29313
29343
29355
29368
29397
29414
29429
29483
29521
29542
29551
29556
29557
29569
29616
29647
29666
29688
29696
29700
29710
29714
29719
29728
29740
29758
29767
29831
29831
29863
29877
29907
29938
29958
29981
30012
30020
30028
30041
30059
30080
30080
30098
30101
30101
30102
30106
30118
30118
30120
30127
30149
30168
30168
30174
30195
30209
30231
30241
30242
30268
30270
30299
30301
30309
30318
30320
30337
30339
30382
30383
30389
30432
30439
30444
30472
30475
30479
30497
30498
30509
30518
30525
30556
30562
30565
30573
30583
30589
30633
30672
30682
30703
30708
30713
30736
30744
30808
30825
30837
30845
30873
30883
30905
30921
30929
30929
30951
30959
30960
30973
30997
30999
31008
31022
31032
31041
31065
31089
31098
31103
31121
31139
31142
31173
31184
31197
31215
31219
31238
31248
31258
31262
31321
31349
31365
31371
31417
31443
31480
31543
31544
31584
31587
31588
31597
31598
31599
31623
31629
31633
31665
31684
31688
31699
31719
31720
31724
31736
31748
31750
31788
31796
31807
31825
31833
31843
31844
31851
31907
31911
31930
32014
32048
32050
32051
32058
32071
32080
32100
32113
32122
32133
32134
32138
32145
32151
32152
32171
32174
32189
32224
32252
32252
32268
32270
32271
32295
32297
32302
32315
32327
32350
32353
32358
32407
32425
32476
32487
32487
32490
32505
32510
32514
32524
32528
32537
32544
32581
32592
32599
32606
32606
32659
32661
32662
32670
32677
32679
32684
32692
32735
32737
32759
-7046256
-1118482
-1118482
-1118482
-1118482
-1118482
-1118482
-1118482
-1118482
-1118482
-1118482
-1118482
-1118482
-1118482
-1118482
-1118482
-1118482
-1118482
-1118482
-1118482
-1118482
-1118482
-1118482
-1118482
-1118482
-599890
-599890
-3385
-1
-1
-1
-1
-1
-1
-1
-1
-1
-1
-1
-1
-1
-1
-1
-1
-1
-1
-1
-1
-1
-1
-1
-1
-1
-1
-1
-1
-1
-1
-1
-1
-1
-1
-1
-1
-1
-1
-1
-1
-1
-1
-1
-1
-1
-1
-1
-1
-1
-1
-1
-1
-1
-1
-1
-1
-1
-1
-1
-1
-1
-1
-1
-1
-1
-1
-1
-1
-1
-1
-1
-1
-1
-1
-1
-1
-1
-1
-1
-1
-1
-1
-1
-1
-1
-1
-1
-1
-1
-1
-1
-1
-1
-1
-1
-1
-1
-1
-1
-1
-1
-1
-1
-1
-1
-1
-1
-1
-1
-1
-1
-1
-1
-1
-1
-1
-1
-1
-1
-1
-1
-1
-1
-1
-1
-1
-1
-1
-1
-1
-1
-1
-1
-1
-1
-1
-1
-1
-1
-1
-1
-1
-1
-1
-1
-1
-1
-1
-1
-1
-1
-1
-1
-1
-1
-1
-1
-1
-1
-1
-1
-1
-1
-1
-1
-1
-1
-1
-1
-1
-1
-1
-1
-1
-1
-1
-1
-1
-1
-1
-1
-1
-1
-1
-1
-1
-1
-1
-1
-1
-1
-1
-1
-1
-1
-1
-1
-1
-1
-1
-1
-1
-1
-1
-1
-1
-1
-1
-1
-1
-1
-1
-1
45
47
57
72
77
90
90
137
148
154
162
165
182
190
212
213
216
227
237
253
260
268
297
305
326
366
371
383
387
388
418
420
470
497
528
552
583
597
610
625
630
636
640
647
690
698
727
763
766
771
786
800
827
831
838
863
869
891
954
1030
1094
1106
1118
1124
1137
1143
1164
1173
1183
1206
1215
1225
1243
1244
1268
1273
1276
1286
1391
1396
1405
1405
1410
1425
1439
1444
1447
1452
1465
1482
1496
1500
1546
1568
1576
1587
1606
1623
1626
1662
1667
1677
1694
1714
1728
1754
1789
1802
1827
1835
1864
1866
1882
1916
1924
1925
1925
1933
1993
2007
2030
2045
2050
2054
2065
2065
2066
2071
2094
2105
2181
2199
2209
2277
2280
2305
2332
2377
2415
2463
2466
2469
2474
2489
2491
2519
2541
2548
2585
2594
2621
2643
2676
2715
2725
2775
2790
2807
2809
2839
2839
2997
3022
3032
3075
3092
3093
3106
3112
3123
3127
3162
3163
3196
3217
3253
3266
3287
3317
3320
3375
3396
3435
3461
3465
3469
3524
3526
3527
3546
3559
3561
3572
3577
3636
3644
3700
3709
3719
3734
3749
3771
3772
3795
3817
3843
3856
3872
3903
3913
3921
3929
3935
3935
3939
3992
4000
4001
4010
4027
4030
4092
4112
4117
4139
4167
4188
4189
4195
4200
4205
4221
4246
4285
4306
4316
4321
4322
4337
4372
4389
4391
4402
4409
4410
4413
4413
4421
4431
4441
4442
4444
4447
4460
4477
4502
4508
4509
4511
4539
4564
4609
4611
4617
4638
4662
4665
4670
4678
4682
4683
4685
4693
4704
4705
4709
4724
4730
4732
4766
4784
4788
4813
4826
4855
4876
4901
4920
4986
5021
5035
5047
5053
5094
5096
5119
5134
5138
5138
5140
5180
5187
5209
5246
5249
5249
5256
5275
5300
5306
5312
5320
5340
5343
5345
5348
5351
5363
5403
5465
5466
5475
5511
5538
5542
5578
5584
5621
5643
5660
5692
5693
5699
5707
5721
5726
5741
5750
5819
5820
5883
5932
5958
5984
6002
6040
6065
6067
6091
6127
6130
6133
6164
6190
6219
6221
6258
6287
6339
6372
6395
6396
6398
6402
6423
6438
6440
6444
6484
6490
6546
6619
6655
6673
6675
6685
6685
6693
6733
6747
6763
6817
6824
6847
6850
6862
6868
6888
6894
6900
6910
6968
6975
6990
7008
7056
7125
7136
7184
7189
7223
7242
7253
7254
7262
7270
7273
7274
7277
7303
7326
7366
7373
7413
7440
7467
7478
7491
7492
7535
7544
7546
7573
7596
7613
7633
7639
7658
7666
7682
7693
7693
7694
7720
7750
7782
7787
7862
7887
7905
7933
7943
7965
7971
7971
8026
8056
8086
8103
8106
8106
8107
8113
8113
8168
8177
8231
8235
8258
8286
8292
8303
8344
8358
8373
8380
8387
8394
8400
8428
8434
8445
8493
8498
8513
8529
8550
8581
8592
8594
8597
8611
8643
8653
8672
8722
8731
8778
8795
8799
8807
8807
8848
8875
8890
8911
8918
8933
8957
8984
8993
9029
9047
9048
9087
9095
9122
9145
9188
9265
9275
9316
9319
9341
9344
9345
9354
9365
9428
9463
9496
9507
9526
9537
9588
9609
9653
9711
9726
9740
9772
9783
9815
9845
9856
9924
9942
9947
9948
9961
9977
9982
10039
10053
10090
10127
10150
10163
10180
10203
10223
10258
10263
10264
10276
10282
10298
10300
10302
10341
10371
10391
10400
10406
10408
10447
10449
10467
10469
10474
10506
10530
10560
10584
10638
10648
10677
10708
10755
10756
10764
10789
10795
10802
10812
10813
10820
10838
10855
10876
10879
10925
10925
10976
10980
11049
11052
11073
11137
11159
11160
11186
11210
11210
11217
11231
11304
11343
11347
11347
11351
11373
11381
11397
11425
11444
11456
11465
11495
11500
11508
11585
11612
11612
11619
11620
11626
11656
11659
11684
11696
11753
11773
11788
11881
11915
11929
11945
11953
11978
11991
11999
12000
12027
12038
12040
12042
12048
12065
12068
12069
12075
12088
12110
12133
12158
12166
12197
12218
12222
12223
12242
12249
12249
12270
12306
12328
12360
12384
12389
12413
12415
12415
12444
12455
12473
12490
12494
12559
12593
12610
12623
12625
12637
12712
12716
12728
12747
12771
12793
12825
12848
12855
12891
12892
12896
12912
12919
12948
12959
12975
12999
13041
13101
13114
13117
13163
13202
13260
13265
13285
13331
13359
13360
13365
13437
13458
13460
13485
13497
13503
13505
13517
13567
13573
13580
13599
13611
13627
13631
13649
13652
13686
13704
13705
13717
13727
13772
13777
13790
13790
13833
13854
13883
13886
13914
13917
13927
13933
13935
13953
13965
13977
13991
14017
14019
14020
14025
14050
14055
14096
14099
14106
14107
14115
14248
14265
14268
14278
14368
14373
14394
14398
14399
14426
14427
14460
14473
14486
14497
14541
14565
14605
14616
14619
14640
14658
14668
14712
14720
14762
14776
14779
14784
14799
14817
14840
14855
14868
14881
14890
14890
14923
14966
14969
14972
14978
15002
15008
15017
15024
15031
15089
15094
15117
15138
15199
15203
15225
15229
15232
15249
15250
15266
15281
15304
15311
15314
15346
15355
15355
15380
15385
15390
15423
15458
15467
15467
15469
15469
15471
15472
15505
15536
15543
15546
15605
15622
15635
15665
15706
15707
15717
15719
15727
15778
15780
15787
15807
15812
15828
15857
15866
15868
15869
15881
15937
15944
15953
15955
15961
15966
15986
15991
16001
16006
16015
16019
16024
16028
16048
16088
16099
16100
16111
16139
16139
16188
16218
16234
16244
16250
16255
16281
16387
16491
16498
16545
16588
16598
16678
16696
16702
16708
16729
16739
16755
16757
16760
16764
16778
16791
16800
16804
16811
16812
16828
16845
16856
16882
16891
16916
16979
16981
16983
17011
17032
17041
17049
17049
17089
17089
17140
17153
17156
17192
17235
17252
17252
17290
17334
17347
17374
17375
17388
17401
17431
17454
17460
17499
17500
17501
17508
17575
17576
17616
17619
17629
17670
17689
17691
17709
17723
17727
17781
17802
17803
17889
17940
17942
17960
17995
18001
18025
18042
18043
18060
18098
18098
18103
18111
18135
18158
18178
18189
18201
18222
18249
18284
18300
18321
18374
18388
18403
18424
18424
18443
18455
18461
18470
18482
18569
18571
18589
18595
18600
18614
18627
18636
18667
18677
18703
18706
18727
18740
18752
18764
18771
18809
18822
18826
18827
18835
18848
18849
18863
18886
18916
18920
18938
18962
18964
18972
18976
18983
18985
19023
19058
19066
19077
19078
19084
19093
19098
19127
19127
19129
19168
19207
19224
19264
19275
19289
19295
19372
19397
19460
19463
19464
19480
19483
19501
19514
19529
19595
19602
19606
19615
19616
19647
19652
19661
19663
19688
19712
19725
19763
19781
19786
19869
19874
19913
19924
19946
19984
20017
20022
20036
20037
20042
20057
20065
20089
20117
20142
20158
20159
20187
20191
20204
20224
20278
20288
20333
20340
20353
20359
20380
20401
20444
20456
20460
20461
20463
20465
20479
20565
20566
20598
20600
20604
20631
20656
20671
20714
20723
20759
20760
20770
20790
20795
20802
20805
20848
20864
20895
20917
20925
20944
20967
20975
20979
20998
21028
21067
21069
21081
21082
21104
21115
21115
21136
21163
21183
21184
21202
21241
21252
21289
21290
21291
21301
21321
21330
21354
21367
21367
21374
21374
21375
21378
21379
21414
21426
21435
21448
21496
21501
21562
21563
21596
21598
21605
21649
21650
21661
21704
21708
21709
21750
21756
21792
21813
21814
21827
21828
21857
21859
21866
21887
21888
21890
21901
21913
21948
21967
21984
21985
22014
22032
22043
22061
22070
22085
22085
22092
22105
22153
22165
22173
22177
22218
22222
22223
22266
22291
22318
22332
22336
22356
22372
22378
22383
22385
22427
22431
22444
22454
22490
22495
22501
22536
22571
22604
22608
22629
22640
22650
22677
22685
22703
22711
22741
22755
22760
22808
22826
22831
22869
22869
22910
22942
22943
22946
22956
22966
22969
22971
22978
22998
23022
23023
23034
23038
23166
23171
23205
23206
23225
23256
23259
23266
23273
23288
23296
23324
23336
23340
23355
23375
23378
23386
23396
23486
23535
23546
23562
23594
23614
23630
23638
23643
23646
23666
23670
23671
23714
23750
23760
23792
23815
23834
23849
23875
23906
23948
23952
23965
24027
24049
24057
24085
24140
24171
24209
24242
24251
24252
24263
24312
24332
24335
24347
24407
24412
24478
24497
24508
24534
24544
24593
24608
24621
24628
24639
24644
24653
24682
24707
24711
24719
24724
24727
24757
24813
24868
24892
24906
24908
24908
24946
24957
24966
24972
24985
25000
25008
25045
25048
25065
25066
25069
25070
25086
25100
25102
25106
25115
25162
25168
25188
25239
25248
25260
25303
25361
25380
25395
25402
25411
25421
25445
25458
25471
25491
25496
25502
25522
25535
25541
25544
25605
25643
25646
25682
25684
25687
25794
25805
25809
25810
25815
25820
25827
25847
25860
25867
25868
25896
25899
25922
25926
25976
25978
25993
26010
26029
26102
26124
26140
26150
26160
26200
26216
26217
26226
26269
26269
26288
26297
26324
26343
26393
26396
26411
26415
26435
26437
26458
26471
26495
26512
26545
26559
26613
26617
26633
26658
26660
26692
26705
26706
26728
26747
26756
26756
26784
26826
26830
26842
26843
26850
26865
26887
26912
26913
26919
26927
26934
26955
26974
27091
27094
27101
27103
27117
27123
27141
27147
27148
27170
27182
27184
27201
27205
27213
27236
27238
27290
27293
27323
27358
27388
27390
27397
27401
27430
27491
27531
27557
27583
27602
27602
27629
27633
27725
27725
27730
27761
27767
27781
27818
27822
27829
27883
27928
27930
27931
27932
27934
27940
27954
27955
27958
27959
27986
27993
27994
27995
28008
28061
28086
28101
28116
28125
28184
28187
28196
28212
28220
28227
28251
28301
28366
28433
28446
28449
28451
28454
28458
28469
28501
28540
28548
28584
28599