1
"background1.spr"
2100
"intro.spr"
13
"Erde"
0
0
210
210
"Raumschiff"
221
0
444
66
"Intergenies"
0
221
315
278
"fettes Alien"
0
349
306
479
"A LO Klein"
223
72
296
128
"A L Mittel"
445
0
623
49
"St¸ck Erde"
222
143
267
206
"A LU Groﬂ"
423
51
639
190
"Schuss"
325
70
388
131
"Erde Teil2"
0
280
73
309
"A R Groﬂ"
446
190
639
281
"A LO K"
503
283
636
389
"A RU Groﬂ"
308
341
498
478
1
250
1633
234
280
200
1967
320
150
14
1
1
0
#TRUE#
500
400
-1
0
0
0
5
81
#TRUE#
210
130
0
100
0
0
5
3
4
239
#TRUE#
420
480
-1
100
0
0
5
320
#TRUE#
320
410
0
100
0
0
5
400
#TRUE#
320
410
-1
100
0
0
5
467
#FALSE#
320
410
0
0
0
0
5
468
#FALSE#
0
0
0
0
0
0
5
2
3
610
#TRUE#
-223
220
-1
100
0
0
5
896
#TRUE#
640
220
0
100
0
0
5
1075
#TRUE#
-223
290
-1
100
0
0
5
1229
#TRUE#
10
290
0
100
0
0
5
5
1
1065
#TRUE#
640
480
-1
100
0
0
5
1419
#TRUE#
-200
-200
0
100
0
0
5
6
1
1080
#TRUE#
640
140
-1
100
0
0
5
1228
#TRUE#
460
140
0
100
0
0
5
8
1
1078
#TRUE#
640
-200
-1
100
0
0
5
1231
#TRUE#
400
0
0
100
0
0
5
11
1
1036
#TRUE#
-200
180
-1
100
0
0
5
1151
#TRUE#
-50
180
0
100
0
0
5
12
1
1089
#TRUE#
640
470
-1
100
0
0
5
1239
#TRUE#
450
380
0
100
0
0
5
13
1
1082
#TRUE#
-200
-140
-1
100
0
0
5
1234
#TRUE#
20
15
0
100
0
0
5
7
0
1633
#TRUE#
212
247
-1
100
0
0
5
10
0
1967
#TRUE#
283
125
-1
100
0
0
5
4
1
1109
#TRUE#
180
480
-1
100
0
0
5
1420
#TRUE#
180
350
0
100
0
0
5
9
3
1520
#TRUE#
270
289
-1
100
0
3
2
1633
#FALSE#
197
247
0
0
0
0
5
1800
#TRUE#
270
289
-1
100
0
3
2
1967
#FALSE#
283
104
0
0
0
0
5
9
3
1520
#TRUE#
340
289
-1
100
0
3
2
1633
#FALSE#
197
247
0
0
0
3
2
1800
#TRUE#
340
289
-1
100
0
3
2
1967
#FALSE#
283
104
0
0
0
0
5
-1
"intro2.spr"
500
"intro.spr"
2
"Uhr"
550
400
614
425
"Antrieb"
80
280
96
287
-1
2
1
0
0
#TRUE#
454
115
-1
100
0
1
62
2
0
200
#TRUE#
301
159
-1
100
0
2
5
-1
"background1.spr"
300
"intro.spr"
13
"Erde"
0
0
210
210
"Raumschiff"
221
0
444
66
"Intergenies"
0
221
315
278
"fettes Alien"
0
349
306
479
"A LO Klein"
223
72
296
128
"A L Mittel"
445
0
623
49
"St¸ck Erde"
222
143
267
206
"A LU Groﬂ"
423
51
639
190
"Schuss"
325
70
388
131
"Erde Teil2"
0
280
73
309
"A R Groﬂ"
446
190
639
281
"A LO K"
503
283
636
389
"A RU Groﬂ"
308
341
498
478
1
250
1633
234
280
200
1967
320
150
14
1
0
0
#TRUE#
210
130
0
100
0
0
5
6
0
0
#TRUE#
460
140
-1
100
0
0
5
8
0
0
#TRUE#
400
0
-1
100
0
0
5
11
0
0
#TRUE#
-50
180
-1
100
0
0
5
12
0
0
#TRUE#
450
380
-1
100
0
0
5
13
0
0
#TRUE#
20
15
-1
100
0
0
5
7
0
0
#TRUE#
212
247
-1
100
0
0
5
10
0
0
#TRUE#
283
125
-1
100
0
0
5
4
0
0
#TRUE#
180
350
-1
100
0
0
5
9
3
1520
#TRUE#
270
289
-1
100
0
3
2
1633
#FALSE#
197
247
0
0
0
0
5
1800
#TRUE#
270
289
-1
100
0
3
2
1967
#FALSE#
283
104
0
0
0
0
5
9
3
1520
#TRUE#
340
289
-1
100
0
3
2
1633
#FALSE#
197
247
0
0
0
3
2
1800
#TRUE#
340
289
-1
100
0
3
2
1967
#FALSE#
283
104
0
0
0
0
5
3
-1
2
-1
5
-1
-1
""
0
""
0
-1
0
-1
""
0
""
0
-1
0
-1
""
0
""
0
-1
0
-1
""
0
""
0
-1
0
-1
""
0
""
0
-1
0
-1
""
0
""
0
-1
0
-1
""
0
""
0
-1
0
-1
""
0
""
0
-1
0
-1
